.Random.seed <-
c(403L, 271L, 1374272816L, 1450408247L, -2013596817L, -239427658L, 
-1869899661L, -2084200237L, 1724898108L, -1207516845L, -162794382L, 
-237509302L, 1660445765L, -2021120172L, 1852098283L, 1140162868L, 
-1091795116L, 300683480L, -1823575105L, 1241870807L, -1783169083L, 
-160105794L, -467976966L, 6971929L, 1821616664L, -1431257386L, 
534501827L, -707885095L, 1429466731L, 1365083057L, 422218371L, 
438019926L, 69732012L, -1930995154L, 1012395538L, 453767558L, 
-1621552908L, -1010922258L, -1087172618L, -904078618L, -555679005L, 
-479345514L, 386200723L, 52633663L, -36107014L, 2105728643L, 
638307309L, 243996983L, -804026406L, -635436890L, -1424192753L, 
-557981627L, 1072133573L, -599929839L, 452892619L, -88909530L, 
-565066106L, 158424777L, 321593898L, -1028605256L, -892925410L, 
1113882714L, 552129209L, 423660961L, -581982743L, -263528794L, 
-1811922569L, -1051441435L, 154916464L, 1569693036L, 1981535990L, 
-1169631386L, -917800395L, 517820400L, 2092320797L, -476048019L, 
1775865579L, -261276088L, 2009132136L, -94102062L, 1080743207L, 
587031615L, -1344146287L, -1361254442L, -1724296103L, 233471778L, 
1669745898L, 39813033L, -990740693L, -1178624108L, -1457379304L, 
865644948L, 1764016161L, -1960657169L, -1889304982L, -632513834L, 
-1865736395L, -646753753L, -753917072L, -123318291L, -1038361747L, 
926752463L, 1347190900L, 1426323204L, 2020515067L, 67657006L, 
-2119545839L, 1589237910L, 327566794L, -762885511L, 1987536050L, 
-1020271604L, -446866059L, 1046205145L, 451878805L, 2058149728L, 
760110749L, -1028119967L, 1129065622L, 963924456L, 1010275975L, 
-1634137818L, -624199061L, -1144291774L, -1955171044L, 1271509152L, 
1769197646L, 1861863118L, 1098870498L, 1487763502L, 281652386L, 
127091727L, 305300302L, 1364942828L, 582933649L, -1492718736L, 
-967241482L, 772493432L, 1045307839L, -1888385199L, -1435442225L, 
-1334386424L, 1157748884L, 1083564150L, 2082541810L, -1349195403L, 
-1508046259L, -1529749204L, -22355066L, 1759995075L, -1382441835L, 
1829793212L, 788910200L, -780256448L, -1799473242L, -2101847072L, 
1087746568L, 507369360L, -121097166L, -1413050922L, -303973533L, 
-313237806L, -472166291L, 2124615021L, -223182444L, 1755399714L, 
-1786793928L, 894238361L, 956535449L, -18617136L, -388263551L, 
-1656132219L, -149957843L, 1481835134L, -1748865880L, 644270961L, 
1246965089L, 497704488L, 757317744L, -1420455259L, 72900387L, 
-1448327772L, 1318020626L, 997699177L, 1808540463L, 126295400L, 
1760689230L, -1522918929L, -783308257L, 281473911L, 1025623168L, 
1857909316L, 166208991L, -2049019933L, -1768784071L, -1306828162L, 
2032120783L, -1894643615L, 941140105L, -449298499L, -557256410L, 
-1933730007L, -1840013395L, -1417963559L, -788775984L, -2136667932L, 
782289848L, -2024639077L, 58181307L, -386865639L, 1070709304L, 
1447014842L, 38339932L, -1375972599L, 1245023357L, 1649662729L, 
-181626735L, -1155616485L, 1428288986L, 2100852117L, -1885096823L, 
-1570224755L, 820439791L, -1146757708L, 711823384L, 1772796018L, 
-876152786L, 2121720818L, 1474375157L, -515996619L, -281991559L, 
1315156429L, 2072720673L, 1632533282L, -1946939292L, 521240946L, 
-420883133L, -480048939L, -1484692933L, -1642102339L, -1233904662L, 
401016215L, -2001086874L, 165003392L, 734190446L, 2092510103L, 
-385981422L, -12469128L, -1743438973L, -1036779512L, 955803057L, 
789269019L, 1331335970L, -4935895L, 912638416L, 1855043948L, 
1717860915L, -2059945252L, 277976189L, 1437993694L, -522700832L, 
1851006358L, 1821339867L, -2082370159L, -950192625L, -53817492L, 
-1792755264L, -608206040L, -766297551L, -827046693L, 1862753414L, 
833851405L, 127069825L, -1517791951L, -426950834L, 664357645L, 
542871977L, -1662960371L, -543094015L, -1440855713L, 1923299154L, 
-1201925078L, -399535551L, 1829383515L, 649335170L, -2141847282L, 
-1844664314L, -1673732877L, 11853523L, -1398111111L, 2127308623L, 
26514865L, 210671753L, 990172166L, -788136173L, -685797754L, 
-301838998L, 1375938554L, -667928561L, 1724868040L, 1840384552L, 
1851036664L, 930795945L, 1529585857L, -1242794410L, 569914838L, 
1919069293L, -265727448L, -928085762L, -2091339223L, -1548168046L, 
1766716098L, -438520155L, -885228208L, 914861490L, -873035739L, 
1251795717L, 2106699177L, 788079682L, 1379428272L, -1706438985L, 
412023384L, 1824886398L, -1346458870L, -1798871224L, 733805982L, 
346138462L, 759019796L, -1590134305L, 933683744L, 1367691817L, 
-151315848L, -1977899069L, -777297933L, 564827826L, 428924236L, 
-1050628925L, 1572814360L, 536110L, -1227273412L, -988353644L, 
281185418L, -479741505L, 2064940591L, 1177889752L, 1115672343L, 
208891083L, 1864265279L, -205327325L, 875929424L, -1591762824L, 
411456471L, 1452644839L, -1658693097L, 1491651287L, -412056588L, 
-740827924L, -848267358L, -638793176L, 1750285811L, -690406077L, 
757448445L, 1794102528L, -470145534L, -680196869L, 1827698016L, 
-1367012305L, -1730236392L, 570410188L, -378315965L, -714119260L, 
-784698932L, 1153402533L, 1344503721L, -1176167255L, 1369345262L, 
-1307673243L, 1835920417L, 2126128504L, -1336097197L, -219993315L, 
-1356936439L, 2078013519L, -749501012L, -1285326186L, 48734485L, 
-1873209647L, 172142903L, 1679259258L, -1453533400L, 1859117832L, 
-648905022L, -1020292474L, -676350508L, -2143405636L, -1845063435L, 
1487466189L, 1130783511L, 1915120562L, 585063955L, -751510692L, 
-2141755097L, -1732513398L, -1576681138L, 1838166164L, -809004277L, 
2124216334L, -447456252L, 548175377L, -400952276L, 553645278L, 
733816921L, 105038334L, 590251509L, -923396279L, -1930257196L, 
392260442L, 45926160L, 1364384651L, -1925703941L, -1241543226L, 
1684972756L, 437512742L, 1926527129L, -1568501095L, 231005382L, 
1388778203L, -424740007L, -1141368199L, 215150750L, 422251164L, 
986881792L, -1787385576L, -502342330L, -1124133650L, -1244614373L, 
-999148213L, 245322590L, -2075670160L, -42546660L, -1622826751L, 
1582341005L, 426508643L, -1502077781L, 1188374115L, -212836703L, 
-1712921682L, 1894836615L, -1172627106L, 625974707L, -451554583L, 
-85092685L, 373697403L, 2127199183L, -1330299764L, 1556172099L, 
831623506L, 1807864348L, -914571312L, -1154087672L, 1926352032L, 
381384670L, -1692623403L, 1147210874L, 256872614L, 1009801827L, 
886369482L, -1939904731L, -1329451106L, 2124634689L, -780515247L, 
173865545L, -1336408923L, 1731338071L, 1306181383L, -1601083783L, 
-868163833L, 902147661L, 66625300L, -1834472348L, 1814055184L, 
-842489933L, 1137817818L, -1812082465L, -14380033L, 2145423405L, 
-1404074114L, -2122016498L, 1703753650L, 283342479L, -995513668L, 
-1844288537L, 106447937L, 510121208L, -1260190101L, -419530465L, 
1809119059L, 1519777415L, 595005656L, 964706649L, -1307433777L, 
1690159932L, 1850873158L, -1215573422L, 760932683L, -1281025073L, 
353176082L, 2058681934L, -633599208L, -650643267L, 1015476115L, 
-2096855273L, 343441876L, -408805726L, 1354217422L, 527602017L, 
-766238278L, -637776350L, -1946127338L, -915869129L, -1460147091L, 
-871200734L, -1433066179L, 76119170L, -1566794154L, 40803338L, 
-1994516630L, 1273164786L, -728916492L, 669869542L, 1369688494L, 
-1130419628L, 847349502L, -1595354569L, -553165162L, -347608128L, 
1258468543L, 2054556295L, -1796715667L, -1359798252L, 906432231L, 
-982093603L, 2025259664L, 1780407116L, 591056716L, -1107420316L, 
1572171603L, 355540698L, 1358975544L, -1821243006L, 1482111228L, 
-834998591L, -1330214088L, 274604121L, -36819345L, -1295962534L, 
397560787L, -760571935L, -1490780156L, -1707997448L, 169792122L, 
168640966L, -1847787139L, 648416605L, 307261024L, -1042705862L, 
949990932L, 154386332L, -462925665L, -398233061L, 1564080492L, 
1145153713L, 1169262406L, -1342335304L, 1706775302L, -761557609L, 
1152530999L, 1978949050L, 339559605L, -1459655760L, -108017123L, 
1997106686L, -1237590357L, -174857437L, -459569805L, 1803632341L, 
-446089904L, -785689287L, 719009104L, 701228688L, -1398776781L, 
-1355419422L, -1101052133L, -938516870L, -2011283617L, 206936432L, 
-467773066L, 965932109L, -1436178776L, -1802320488L, -1362221953L, 
-181318535L, -968961308L, 1787534407L, -593022380L, 1737684833L, 
